1 150 10 20 10
2 380 1 4
2 375 1 4
2 360 1 4
2 365 1 4
2 340 1 4
2 330 1 4
2 329 1 4
2 318 1 4
2 366 1 4
3 320 1 6
3 367 1 6
3 378 1 6
3 322 1 6
3 311 1 6
3 333 1 6
3 344 1 6
3 355 1 6
3 366 1 6
3 377 1 6
3 385 1 6
0 150 10 20 10
8 380
8 375
8 360
8 365
8 340
8 330
8 329
8 318
8 366
8 320
8 367
8 378
8 322
8 311
8 333
8 344
8 355
8 366
8 377
8 385
3 200 20 30 20
4 381 2 6
4 382 2 6
4 383 2 6
4 384 2 6
4 385 2 6
4 200 20 30 20
12 381
12 382
12 383
12 384
12 385
5 200 20 30 20
0 381
0 382
0 383
0 384
0 385